27        27
27
55
5        13
24        6
8        1
1        4
3        20
2        2
5        4
3        24
7        3
3        22
7        25
14        22
2        21
2        1
1        5
1        5
4        5
6        4
1        5
20        24
5        23
1        2
2        21
2        2
12        25
5        5
18        22
1        1
27        7
27        7
19        3
1        1
3        1
2        2
2        1
2        2
1        1
2        5
20        2
1        1
1        1
1        1
1        1
1        1
4        1
1        1
4        1
7        3
2        1
1        1
1        1
3        1
8        1
3        1
1        1
4        2
2        1
1        1
5        1
7        1
2        1
14        1
4        1
4        1
10        1
3        3
1        5
10        1
1        1
16        3
2        1
1        1
12        1
6        1
7        1
2        1
1        1
1        1
3        2
1        1
1        1
4        1