15        15
15
31
11        12
5        14
14        5
7        5
2        4
10        11
7        14
1        3
1        3
9        14
8        14
14        14
12        2
13        14
5        1
1        3
1        2
5        1
7        7
2        7
1        1
5        7
1        1
1        1
1        2
4        1
1        1
1        1
3        5
1        1
3        1
1        7
1        1
6        1
1        1
1        1
1        1
2        1
9        2
10        3
1        1
5        2
6         1
1        1
1        1
1        1