18        18
18
37
9        14
7        15
1        17
9        16
3        14
2        15
1        15
16        13
7        14
8        15
5        16
8        17
7        2
2        17
4        14
5        7
6        16
17        8
3        3
7        18
9        1
1        1
1        1
1        1
1        1
1        1
1        2
1        1
1        1
1        1
1        1
1        1
1        1
3        1
7        7
1        1
1        13
1        1
4        7
1        1
1        1
1        12
1        1
1        1
1        1
1        2
1        11
1        1
2        1
1        13
4        1
1        4
3        4
1        5
1        1