24        24
24
49
23        17
23        1
23        21
12        9
2        11
23        23
23        9
23        20
23        16
11        14
10        20
1        11
2        23
11        15
1        9
5        17
4        15
7        21
6        14
23        13
5        23
4        18
3        21
23        15
1        4
1        1
1        8
1        2
11        24
5        14
1        1
1        2
1        1
1        4
1        1
1        2
1        15
1        1
1        10
1        1
8        1
8        2
3        2
3        1
1        1
1        1
1        3
6        3
1        1
1        1
1        1
3        1
1        5
1        3
1        1
1        1
1        1
1        1
1        1
1        14
1        1
1        6
5        14
2        1
1        1
1        1
4        1
1        1
3        1
1        3
2        1
1        1
1        5